1
497.0,402.0,40.0,42.0
499.0,388.0,40.0,42.0
499.0,379.0,40.0,42.0
499.0,372.0,40.0,42.0
2
0
0
0
0
1
2
0
0
0
0
1
2
0
0
0
0
1
513.0,300.0,40.09000015258789,39.7400016784668
514.0,305.0,40.09000015258789,39.7400016784668
514.0,314.0,40.09000015258789,39.7400016784668
515.0,325.0,40.09000015258789,39.7400016784668
514.0,341.0,40.09000015258789,39.7400016784668
516.0,359.0,40.09000015258789,39.7400016784668
2
0
0
0
0
1
524.0,372.0,43.0,41.0
527.0,357.0,43.0,41.0
2
0
0
0
0
1
539.0,334.0,52.52000045776367,50.619998931884766
542.0,344.0,52.52000045776367,50.619998931884766
544.0,357.0,52.52000045776367,50.619998931884766
2
0
0
0
0
1
2
0
0
0
0
1
481.0,238.0,42.959999084472656,43.08000183105469
473.0,240.0,42.959999084472656,43.08000183105469
465.0,246.0,42.959999084472656,43.08000183105469
458.0,257.0,42.959999084472656,43.08000183105469
2
0
0
0
0
1
2
0
0
0
0
1
394.0,331.0,58.18000030517578,58.619998931884766
394.0,331.0,58.18000030517578,58.619998931884766
2
0
0
0
0
1
377.0,454.0,55.97999954223633,54.70000076293945
376.0,436.0,55.97999954223633,54.70000076293945
2
0
0
0
0
1
391.0,371.0,41.0,40.0
2
0
0
0
0
1
2
0
0
0
0
1
428.0,360.0,45.099998474121094,41.9900016784668
435.0,347.0,45.099998474121094,41.9900016784668
