1
329.0,162.0,38.11000061035156,50.880001068115234
327.0,161.0,38.11000061035156,50.880001068115234
324.0,160.0,38.11000061035156,50.880001068115234
2
0
0
0
0
1
2
0
0
0
0
1
325.0,151.0,30.260000228881836,62.81999969482422
2
0
0
0
0
1
313.0,156.0,38.47999954223633,73.45999908447266
2
0
0
0
0
1
327.0,157.0,28.049999237060547,67.66999816894531
327.0,156.0,28.049999237060547,67.66999816894531
2
0
0
0
0
1
326.0,158.0,31.68000030517578,69.81999969482422
2
0
0
0
0
1
328.0,151.0,28.389999389648438,69.61000061035156
2
0
0
0
0
1
333.0,151.0,28.079999923706055,75.05000305175781
2
0
0
0
0
1
2
0
0
0
0
1
327.0,148.0,28.639999389648438,73.69000244140625
326.0,148.0,28.639999389648438,73.69000244140625
323.0,148.0,28.639999389648438,73.69000244140625
2
0
0
0
0
1
2
0
0
0
0
1
324.0,148.0,24.270000457763672,69.94000244140625
2
0
0
0
0
1
322.0,149.0,25.110000610351562,72.13999938964844
322.0,149.0,25.110000610351562,72.13999938964844
2
0
0
0
0
1
332.0,147.0,29.979999542236328,81.12999725341797
2
0
0
0
0
1
337.0,144.0,34.310001373291016,72.86000061035156
337.0,144.0,34.310001373291016,72.86000061035156
2
0
0
0
0
1
344.0,149.0,28.600000381469727,80.54000091552734
2
0
0
0
0
1
354.0,146.0,34.08000183105469,95.62999725341797
2
0
0
0
0
1
366.0,146.0,36.43000030517578,86.83000183105469
364.0,146.0,36.43000030517578,86.83000183105469
2
0
0
0
0
1
366.0,151.0,39.119998931884766,97.8499984741211
2
0
0
0
0
1
379.0,156.0,38.959999084472656,97.83000183105469
2
0
0
0
0
1
399.0,157.0,33.470001220703125,71.87999725341797
399.0,157.0,33.470001220703125,71.87999725341797
401.0,157.0,33.470001220703125,71.87999725341797
405.0,157.0,33.470001220703125,71.87999725341797
2
0
0
0
0
1
2
0
0
0
0
1
410.0,158.0,39.79999923706055,88.7300033569336
411.0,158.0,39.79999923706055,88.7300033569336
414.0,159.0,39.79999923706055,88.7300033569336
416.0,159.0,39.79999923706055,88.7300033569336
421.0,160.0,39.79999923706055,88.7300033569336
425.0,160.0,39.79999923706055,88.7300033569336
439.0,161.0,39.79999923706055,88.7300033569336
442.0,160.0,39.79999923706055,88.7300033569336
444.0,160.0,39.79999923706055,88.7300033569336
445.0,159.0,39.79999923706055,88.7300033569336
449.0,158.0,39.79999923706055,88.7300033569336
453.0,158.0,39.79999923706055,88.7300033569336
455.0,157.0,39.79999923706055,88.7300033569336
2
0
0
0
0
1
466.0,153.0,23.190000534057617,91.08000183105469
2
0
0
0
0
1
469.0,161.0,36.349998474121094,71.4800033569336
466.0,161.0,36.349998474121094,71.4800033569336
465.0,162.0,36.349998474121094,71.4800033569336
465.0,163.0,36.349998474121094,71.4800033569336
460.0,163.0,36.349998474121094,71.4800033569336
459.0,163.0,36.349998474121094,71.4800033569336
457.0,163.0,36.349998474121094,71.4800033569336
2
0
0
0
0
1
445.0,160.0,50.18000030517578,85.33999633789062
445.0,159.0,50.18000030517578,85.33999633789062
2
0
0
0
0
1
449.0,153.0,28.43000030517578,86.12999725341797
2
0
0
0
0
1
446.0,151.0,31.719999313354492,62.79999923706055
447.0,151.0,31.719999313354492,62.79999923706055
447.0,151.0,31.719999313354492,62.79999923706055
447.0,151.0,31.719999313354492,62.79999923706055
2
0
0
0
0
1
424.0,150.0,30.309999465942383,79.9800033569336
2
0
0
0
0
1
416.0,144.0,37.709999084472656,82.02999877929688
2
0
0
0
0
1
501.0,130.0,35.060001373291016,63.40999984741211
505.0,128.0,35.060001373291016,63.40999984741211
510.0,126.0,35.060001373291016,63.40999984741211
518.0,124.0,35.060001373291016,63.40999984741211
2
0
0
0
0
1
531.0,117.0,35.77000045776367,83.94000244140625
531.0,116.0,35.77000045776367,83.94000244140625
530.0,115.0,35.77000045776367,83.94000244140625
528.0,114.0,35.77000045776367,83.94000244140625
526.0,114.0,35.77000045776367,83.94000244140625
524.0,117.0,35.77000045776367,83.94000244140625
521.0,117.0,35.77000045776367,83.94000244140625
519.0,116.0,35.77000045776367,83.94000244140625
518.0,115.0,35.77000045776367,83.94000244140625
516.0,115.0,35.77000045776367,83.94000244140625
2
0
0
0
0
1
504.0,110.0,25.469999313354492,59.90999984741211
502.0,110.0,25.469999313354492,59.90999984741211
501.0,110.0,25.469999313354492,59.90999984741211
499.0,108.0,25.469999313354492,59.90999984741211
496.0,104.0,25.469999313354492,59.90999984741211
494.0,101.0,25.469999313354492,59.90999984741211
493.0,100.0,25.469999313354492,59.90999984741211
490.0,99.0,25.469999313354492,59.90999984741211
488.0,98.0,25.469999313354492,59.90999984741211
487.0,94.0,25.469999313354492,59.90999984741211
2
0
0
0
0
1
486.0,83.0,28.520000457763672,66.99800109863281
2
0
0
0
0
1
496.0,82.0,22.950000762939453,60.180999755859375
497.0,81.0,22.950000762939453,60.180999755859375
496.0,80.0,22.950000762939453,60.180999755859375
497.0,82.0,22.950000762939453,60.180999755859375
496.0,83.0,22.950000762939453,60.180999755859375
494.0,83.0,22.950000762939453,60.180999755859375
494.0,84.0,22.950000762939453,60.180999755859375
490.0,83.0,22.950000762939453,60.180999755859375
489.0,84.0,22.950000762939453,60.180999755859375
487.0,85.0,22.950000762939453,60.180999755859375
484.0,85.0,22.950000762939453,60.180999755859375
482.0,84.0,22.950000762939453,60.180999755859375
477.0,84.0,22.950000762939453,60.180999755859375
473.0,83.0,22.950000762939453,60.180999755859375
469.0,84.0,22.950000762939453,60.180999755859375
464.0,85.0,22.950000762939453,60.180999755859375
460.0,88.0,22.950000762939453,60.180999755859375
455.0,90.0,22.950000762939453,60.180999755859375
452.0,90.0,22.950000762939453,60.180999755859375
2
0
0
0
0
1
431.0,92.0,37.439998626708984,72.822998046875
427.0,95.0,37.439998626708984,72.822998046875
2
0
0
0
0
1
422.0,95.0,35.720001220703125,69.84700012207031
421.0,96.0,35.720001220703125,69.84700012207031
421.0,97.0,35.720001220703125,69.84700012207031
2
0
0
0
0
1
2
0
0
0
0
1
405.0,93.0,23.43000030517578,65.11799621582031
2
0
0
0
0
1
383.0,93.0,31.31999969482422,60.750999450683594
377.0,93.0,31.31999969482422,60.750999450683594
374.0,93.0,31.31999969482422,60.750999450683594
2
0
0
