1
166.0,67.0,88.0,64.0
2
0
0
0
0
1
2
0
0
0
0
1
2
0
0
0
0
1
354.0,132.0,93.55000305175781,103.5199966430664
2
0
0
0
0
1
2
0
0
0
0
1
2
0
0
0
0
1
174.0,120.0,61.09000015258789,65.22000122070312
174.0,103.0,61.09000015258789,65.22000122070312
2
0
0
0
0
1
2
0
0
0
0
1
320.0,137.0,57.09000015258789,55.75
2
0
0
0
0
1
328.0,148.0,51.529998779296875,54.970001220703125
329.0,150.0,51.529998779296875,54.970001220703125
329.0,151.0,51.529998779296875,54.970001220703125
327.0,156.0,51.529998779296875,54.970001220703125
2
0
0
0
0
1
328.0,170.0,37.2400016784668,53.689998626708984
324.0,166.0,37.2400016784668,53.689998626708984
2
0
0
0
0
1
2
0
0
0
0
1
230.0,163.0,45.970001220703125,59.81999969482422
233.0,161.0,45.970001220703125,59.81999969482422
236.0,164.0,45.970001220703125,59.81999969482422
2
0
0
0
0
1
2
0
0
0
0
1
2
0
0
0
0
1
2
0
0
0
0
1
2
0
0
0
0
1
2
0
0
0
0
1
2
0
0
0
0
1
277.0,197.0,102.19999694824219,73.0199966430664
2
0
0
0
0
1
299.0,187.0,79.0999984741211,83.8499984741211
299.0,183.0,79.0999984741211,83.8499984741211
297.0,181.0,79.0999984741211,83.8499984741211
293.0,181.0,79.0999984741211,83.8499984741211
290.0,177.0,79.0999984741211,83.8499984741211
280.0,167.0,79.0999984741211,83.8499984741211
274.0,163.0,79.0999984741211,83.8499984741211
254.0,155.0,79.0999984741211,83.8499984741211
246.0,149.0,79.0999984741211,83.8499984741211
2
0
0
0
0
1
2
0
0
0
0
1
2
0
0
0
0
1
382.0,174.0,71.94999694824219,61.220001220703125
375.0,170.0,71.94999694824219,61.220001220703125
2
0
0
0
0
1
351.0,149.0,91.9800033569336,90.80999755859375
2
0
0
