1
661.0,126.0,31.690000534057617,67.91999816894531
659.0,125.0,31.690000534057617,67.91999816894531
658.0,132.0,31.690000534057617,67.91999816894531
657.0,140.0,31.690000534057617,67.91999816894531
656.0,142.0,31.690000534057617,67.91999816894531
656.0,138.0,31.690000534057617,67.91999816894531
656.0,136.0,31.690000534057617,67.91999816894531
655.0,136.0,31.690000534057617,67.91999816894531
653.0,140.0,31.690000534057617,67.91999816894531
652.0,144.0,31.690000534057617,67.91999816894531
651.0,145.0,31.690000534057617,67.91999816894531
651.0,142.0,31.690000534057617,67.91999816894531
649.0,135.0,31.690000534057617,67.91999816894531
645.0,130.0,31.690000534057617,67.91999816894531
639.0,129.0,31.690000534057617,67.91999816894531
633.0,134.0,31.690000534057617,67.91999816894531
629.0,144.0,31.690000534057617,67.91999816894531
626.0,149.0,31.690000534057617,67.91999816894531
626.0,156.0,31.690000534057617,67.91999816894531
626.0,153.0,31.690000534057617,67.91999816894531
627.0,150.0,31.690000534057617,67.91999816894531
630.0,149.0,31.690000534057617,67.91999816894531
633.0,148.0,31.690000534057617,67.91999816894531
634.0,146.0,31.690000534057617,67.91999816894531
635.0,144.0,31.690000534057617,67.91999816894531
636.0,140.0,31.690000534057617,67.91999816894531
636.0,132.0,31.690000534057617,67.91999816894531
636.0,125.0,31.690000534057617,67.91999816894531
636.0,126.0,31.690000534057617,67.91999816894531
637.0,131.0,31.690000534057617,67.91999816894531
638.0,139.0,31.690000534057617,67.91999816894531
638.0,134.0,31.690000534057617,67.91999816894531
638.0,139.0,31.690000534057617,67.91999816894531
640.0,154.0,31.690000534057617,67.91999816894531
2
0
0
0
0
1
640.0,143.0,32.779998779296875,49.83000183105469
637.0,137.0,32.779998779296875,49.83000183105469
637.0,134.0,32.779998779296875,49.83000183105469
638.0,137.0,32.779998779296875,49.83000183105469
638.0,141.0,32.779998779296875,49.83000183105469
637.0,144.0,32.779998779296875,49.83000183105469
638.0,146.0,32.779998779296875,49.83000183105469
640.0,145.0,32.779998779296875,49.83000183105469
640.0,142.0,32.779998779296875,49.83000183105469
641.0,143.0,32.779998779296875,49.83000183105469
643.0,147.0,32.779998779296875,49.83000183105469
644.0,150.0,32.779998779296875,49.83000183105469
644.0,150.0,32.779998779296875,49.83000183105469
644.0,149.0,32.779998779296875,49.83000183105469
644.0,148.0,32.779998779296875,49.83000183105469
643.0,152.0,32.779998779296875,49.83000183105469
643.0,158.0,32.779998779296875,49.83000183105469
643.0,161.0,32.779998779296875,49.83000183105469
645.0,164.0,32.779998779296875,49.83000183105469
647.0,165.0,32.779998779296875,49.83000183105469
647.0,163.0,32.779998779296875,49.83000183105469
647.0,163.0,32.779998779296875,49.83000183105469
646.0,162.0,32.779998779296875,49.83000183105469
646.0,162.0,32.779998779296875,49.83000183105469
647.0,161.0,32.779998779296875,49.83000183105469
650.0,162.0,32.779998779296875,49.83000183105469
653.0,163.0,32.779998779296875,49.83000183105469
656.0,166.0,32.779998779296875,49.83000183105469
658.0,163.0,32.779998779296875,49.83000183105469
659.0,158.0,32.779998779296875,49.83000183105469
660.0,153.0,32.779998779296875,49.83000183105469
661.0,148.0,32.779998779296875,49.83000183105469
661.0,149.0,32.779998779296875,49.83000183105469
660.0,147.0,32.779998779296875,49.83000183105469
658.0,138.0,32.779998779296875,49.83000183105469
658.0,140.0,32.779998779296875,49.83000183105469
660.0,146.0,32.779998779296875,49.83000183105469
662.0,157.0,32.779998779296875,49.83000183105469
665.0,170.0,32.779998779296875,49.83000183105469
2
0
0
0
0
1
664.0,146.0,31.420000076293945,55.849998474121094
663.0,141.0,31.420000076293945,55.849998474121094
660.0,138.0,31.420000076293945,55.849998474121094
656.0,140.0,31.420000076293945,55.849998474121094
654.0,144.0,31.420000076293945,55.849998474121094
651.0,145.0,31.420000076293945,55.849998474121094
2
0
0
0
0
1
651.0,158.0,31.18000030517578,58.81999969482422
652.0,158.0,31.18000030517578,58.81999969482422
652.0,160.0,31.18000030517578,58.81999969482422
651.0,161.0,31.18000030517578,58.81999969482422
650.0,159.0,31.18000030517578,58.81999969482422
649.0,158.0,31.18000030517578,58.81999969482422
647.0,159.0,31.18000030517578,58.81999969482422
646.0,161.0,31.18000030517578,58.81999969482422
646.0,159.0,31.18000030517578,58.81999969482422
646.0,157.0,31.18000030517578,58.81999969482422
647.0,159.0,31.18000030517578,58.81999969482422
647.0,162.0,31.18000030517578,58.81999969482422
648.0,163.0,31.18000030517578,58.81999969482422
649.0,158.0,31.18000030517578,58.81999969482422
649.0,159.0,31.18000030517578,58.81999969482422
648.0,164.0,31.18000030517578,58.81999969482422
646.0,168.0,31.18000030517578,58.81999969482422
645.0,171.0,31.18000030517578,58.81999969482422
643.0,168.0,31.18000030517578,58.81999969482422
642.0,166.0,31.18000030517578,58.81999969482422
2
0
0
0
0
1
634.0,155.0,39.209999084472656,64.0999984741211
634.0,155.0,39.209999084472656,64.0999984741211
634.0,156.0,39.209999084472656,64.0999984741211
634.0,157.0,39.209999084472656,64.0999984741211
635.0,158.0,39.209999084472656,64.0999984741211
634.0,158.0,39.209999084472656,64.0999984741211
633.0,157.0,39.209999084472656,64.0999984741211
633.0,159.0,39.209999084472656,64.0999984741211
632.0,159.0,39.209999084472656,64.0999984741211
632.0,156.0,39.209999084472656,64.0999984741211
633.0,153.0,39.209999084472656,64.0999984741211
635.0,149.0,39.209999084472656,64.0999984741211
637.0,143.0,39.209999084472656,64.0999984741211
638.0,140.0,39.209999084472656,64.0999984741211
637.0,141.0,39.209999084472656,64.0999984741211
636.0,140.0,39.209999084472656,64.0999984741211
636.0,141.0,39.209999084472656,64.0999984741211
636.0,143.0,39.209999084472656,64.0999984741211
636.0,147.0,39.209999084472656,64.0999984741211
637.0,149.0,39.209999084472656,64.0999984741211
638.0,150.0,39.209999084472656,64.0999984741211
638.0,152.0,39.209999084472656,64.0999984741211
637.0,153.0,39.209999084472656,64.0999984741211
637.0,155.0,39.209999084472656,64.0999984741211
636.0,156.0,39.209999084472656,64.0999984741211
635.0,158.0,39.209999084472656,64.0999984741211
2
0
0
0
0
1
642.0,166.0,37.790000915527344,68.88999938964844
643.0,166.0,37.790000915527344,68.88999938964844
645.0,166.0,37.790000915527344,68.88999938964844
645.0,164.0,37.790000915527344,68.88999938964844
645.0,164.0,37.790000915527344,68.88999938964844
645.0,162.0,37.790000915527344,68.88999938964844
644.0,159.0,37.790000915527344,68.88999938964844
644.0,161.0,37.790000915527344,68.88999938964844
643.0,163.0,37.790000915527344,68.88999938964844
642.0,162.0,37.790000915527344,68.88999938964844
642.0,159.0,37.790000915527344,68.88999938964844
642.0,159.0,37.790000915527344,68.88999938964844
643.0,160.0,37.790000915527344,68.88999938964844
645.0,160.0,37.790000915527344,68.88999938964844
646.0,158.0,37.790000915527344,68.88999938964844
646.0,158.0,37.790000915527344,68.88999938964844
647.0,161.0,37.790000915527344,68.88999938964844
647.0,162.0,37.790000915527344,68.88999938964844
648.0,163.0,37.790000915527344,68.88999938964844
650.0,163.0,37.790000915527344,68.88999938964844
652.0,164.0,37.790000915527344,68.88999938964844
2
0
0
0
0
1
649.0,152.0,43.88999938964844,86.0999984741211
649.0,151.0,43.88999938964844,86.0999984741211
649.0,151.0,43.88999938964844,86.0999984741211
651.0,149.0,43.88999938964844,86.0999984741211
653.0,146.0,43.88999938964844,86.0999984741211
655.0,144.0,43.88999938964844,86.0999984741211
657.0,141.0,43.88999938964844,86.0999984741211
658.0,142.0,43.88999938964844,86.0999984741211
