1
183.0,208.0,45.0099983215332,110.9800033569336
182.0,208.0,45.0099983215332,110.9800033569336
180.0,208.0,45.0099983215332,110.9800033569336
173.0,207.0,45.0099983215332,110.9800033569336
173.0,206.0,45.0099983215332,110.9800033569336
2
0
0
0
0
1
182.0,232.0,63.13999938964844,99.47000122070312
185.0,231.0,63.13999938964844,99.47000122070312
188.0,229.0,63.13999938964844,99.47000122070312
193.0,228.0,63.13999938964844,99.47000122070312
2
0
0
0
0
1
200.0,221.0,48.65999984741211,118.0199966430664
203.0,223.0,48.65999984741211,118.0199966430664
176.0,220.0,48.65999984741211,118.0199966430664
200.0,255.0,48.65999984741211,118.0199966430664
203.0,256.0,48.65999984741211,118.0199966430664
2
0
0
0
0
1
250.0,222.0,47.16999816894531,92.25
254.0,221.0,47.16999816894531,92.25
258.0,220.0,47.16999816894531,92.25
262.0,219.0,47.16999816894531,92.25
265.0,219.0,47.16999816894531,92.25
270.0,221.0,47.16999816894531,92.25
274.0,225.0,47.16999816894531,92.25
278.0,228.0,47.16999816894531,92.25
281.0,231.0,47.16999816894531,92.25
283.0,233.0,47.16999816894531,92.25
284.0,232.0,47.16999816894531,92.25
285.0,227.0,47.16999816894531,92.25
284.0,225.0,47.16999816894531,92.25
284.0,222.0,47.16999816894531,92.25
283.0,220.0,47.16999816894531,92.25
282.0,220.0,47.16999816894531,92.25
281.0,218.0,47.16999816894531,92.25
278.0,219.0,47.16999816894531,92.25
276.0,219.0,47.16999816894531,92.25
276.0,219.0,47.16999816894531,92.25
274.0,218.0,47.16999816894531,92.25
272.0,217.0,47.16999816894531,92.25
271.0,217.0,47.16999816894531,92.25
270.0,217.0,47.16999816894531,92.25
274.0,213.0,47.16999816894531,92.25
2
0
0
0
0
1
230.0,232.0,75.9000015258789,94.2699966430664
224.0,232.0,75.9000015258789,94.2699966430664
219.0,232.0,75.9000015258789,94.2699966430664
212.0,233.0,75.9000015258789,94.2699966430664
207.0,233.0,75.9000015258789,94.2699966430664
202.0,233.0,75.9000015258789,94.2699966430664
197.0,232.0,75.9000015258789,94.2699966430664
194.0,232.0,75.9000015258789,94.2699966430664
187.0,233.0,75.9000015258789,94.2699966430664
183.0,233.0,75.9000015258789,94.2699966430664
176.0,233.0,75.9000015258789,94.2699966430664
169.0,234.0,75.9000015258789,94.2699966430664
162.0,234.0,75.9000015258789,94.2699966430664
152.0,235.0,75.9000015258789,94.2699966430664
145.0,235.0,75.9000015258789,94.2699966430664
140.0,235.0,75.9000015258789,94.2699966430664
136.0,235.0,75.9000015258789,94.2699966430664
128.0,236.0,75.9000015258789,94.2699966430664
120.0,237.0,75.9000015258789,94.2699966430664
2
0
0
0
0
1
118.0,217.0,48.060001373291016,118.01000213623047
114.0,217.0,48.060001373291016,118.01000213623047
112.0,216.0,48.060001373291016,118.01000213623047
110.0,214.0,48.060001373291016,118.01000213623047
107.0,211.0,48.060001373291016,118.01000213623047
103.0,208.0,48.060001373291016,118.01000213623047
102.0,206.0,48.060001373291016,118.01000213623047
102.0,205.0,48.060001373291016,118.01000213623047
102.0,205.0,48.060001373291016,118.01000213623047
103.0,206.0,48.060001373291016,118.01000213623047
104.0,206.0,48.060001373291016,118.01000213623047
106.0,205.0,48.060001373291016,118.01000213623047
107.0,203.0,48.060001373291016,118.01000213623047
109.0,201.0,48.060001373291016,118.01000213623047
111.0,198.0,48.060001373291016,118.01000213623047
114.0,195.0,48.060001373291016,118.01000213623047
111.0,185.0,48.060001373291016,118.01000213623047
113.0,179.0,48.060001373291016,118.01000213623047
121.0,192.0,48.060001373291016,118.01000213623047
122.0,193.0,48.060001373291016,118.01000213623047
128.0,192.0,48.060001373291016,118.01000213623047
135.0,191.0,48.060001373291016,118.01000213623047
134.0,192.0,48.060001373291016,118.01000213623047
138.0,190.0,48.060001373291016,118.01000213623047
143.0,186.0,48.060001373291016,118.01000213623047
144.0,184.0,48.060001373291016,118.01000213623047
2
0
0
0
0
1
178.0,185.0,33.380001068115234,107.45999908447266
193.0,90.0,33.380001068115234,107.45999908447266
207.0,89.0,33.380001068115234,107.45999908447266
2
0
0
0
0
1
201.0,177.0,38.86000061035156,105.73999786376953
204.0,176.0,38.86000061035156,105.73999786376953
205.0,176.0,38.86000061035156,105.73999786376953
207.0,174.0,38.86000061035156,105.73999786376953
210.0,170.0,38.86000061035156,105.73999786376953
212.0,166.0,38.86000061035156,105.73999786376953
211.0,165.0,38.86000061035156,105.73999786376953
212.0,164.0,38.86000061035156,105.73999786376953
213.0,164.0,38.86000061035156,105.73999786376953
214.0,164.0,38.86000061035156,105.73999786376953
215.0,165.0,38.86000061035156,105.73999786376953
217.0,165.0,38.86000061035156,105.73999786376953
2
0
0
0
0
1
227.0,157.0,44.900001525878906,113.43000030517578
229.0,157.0,44.900001525878906,113.43000030517578
231.0,159.0,44.900001525878906,113.43000030517578
261.0,157.0,44.900001525878906,113.43000030517578
263.0,156.0,44.900001525878906,113.43000030517578
266.0,156.0,44.900001525878906,113.43000030517578
241.0,159.0,44.900001525878906,113.43000030517578
244.0,157.0,44.900001525878906,113.43000030517578
246.0,156.0,44.900001525878906,113.43000030517578
249.0,155.0,44.900001525878906,113.43000030517578
251.0,154.0,44.900001525878906,113.43000030517578
255.0,154.0,44.900001525878906,113.43000030517578
2
0
0
0
0
1
263.0,149.0,34.470001220703125,114.69999694824219
266.0,149.0,34.470001220703125,114.69999694824219
268.0,149.0,34.470001220703125,114.69999694824219
270.0,150.0,34.470001220703125,114.69999694824219
271.0,152.0,34.470001220703125,114.69999694824219
269.0,153.0,34.470001220703125,114.69999694824219
2
0
0
0
0
1
278.0,149.0,43.540000915527344,74.75
277.0,149.0,43.540000915527344,74.75
276.0,150.0,43.540000915527344,74.75
276.0,150.0,43.540000915527344,74.75
276.0,149.0,43.540000915527344,74.75
276.0,147.0,43.540000915527344,74.75
275.0,145.0,43.540000915527344,74.75
2
0
0
0
0
1
276.0,147.0,40.0099983215332,104.1500015258789
276.0,149.0,40.0099983215332,104.1500015258789
2
0
0
0
0
1
275.0,151.0,48.0,111.94000244140625
277.0,150.0,48.0,111.94000244140625
278.0,149.0,48.0,111.94000244140625
279.0,149.0,48.0,111.94000244140625
278.0,148.0,48.0,111.94000244140625
276.0,149.0,48.0,111.94000244140625
276.0,148.0,48.0,111.94000244140625
276.0,149.0,48.0,111.94000244140625
277.0,149.0,48.0,111.94000244140625
280.0,144.0,48.0,111.94000244140625
280.0,147.0,48.0,111.94000244140625
279.0,148.0,48.0,111.94000244140625
279.0,149.0,48.0,111.94000244140625
278.0,149.0,48.0,111.94000244140625
277.0,149.0,48.0,111.94000244140625
276.0,149.0,48.0,111.94000244140625
275.0,148.0,48.0,111.94000244140625
274.0,147.0,48.0,111.94000244140625
273.0,147.0,48.0,111.94000244140625
274.0,147.0,48.0,111.94000244140625
274.0,147.0,48.0,111.94000244140625
274.0,147.0,48.0,111.94000244140625
273.0,147.0,48.0,111.94000244140625
272.0,147.0,48.0,111.94000244140625
270.0,147.0,48.0,111.94000244140625
269.0,146.0,48.0,111.94000244140625
268.0,146.0,48.0,111.94000244140625
267.0,146.0,48.0,111.94000244140625
265.0,146.0,48.0,111.94000244140625
264.0,146.0,48.0,111.94000244140625
263.0,146.0,48.0,111.94000244140625
260.0,145.0,48.0,111.94000244140625
258.0,144.0,48.0,111.94000244140625
255.0,144.0,48.0,111.94000244140625
254.0,143.0,48.0,111.94000244140625
252.0,143.0,48.0,111.94000244140625
250.0,143.0,48.0,111.94000244140625
248.0,142.0,48.0,111.94000244140625
2
0
0
0
0
1
234.0,181.0,42.209999084472656,123.37000274658203
231.0,182.0,42.209999084472656,123.37000274658203
229.0,181.0,42.209999084472656,123.37000274658203
226.0,178.0,42.209999084472656,123.37000274658203
2
0
0
0
0
1
212.0,180.0,37.97999954223633,119.87000274658203
211.0,181.0,37.97999954223633,119.87000274658203
210.0,183.0,37.97999954223633,119.87000274658203
210.0,185.0,37.97999954223633,119.87000274658203
211.0,186.0,37.97999954223633,119.87000274658203
2
0
0
0
0
1
182.0,192.0,62.61000061035156,101.52999877929688
180.0,192.0,62.61000061035156,101.52999877929688
180.0,188.0,62.61000061035156,101.52999877929688
179.0,186.0,62.61000061035156,101.52999877929688
179.0,184.0,62.61000061035156,101.52999877929688
178.0,183.0,62.61000061035156,101.52999877929688
178.0,183.0,62.61000061035156,101.52999877929688
178.0,183.0,62.61000061035156,101.52999877929688
178.0,184.0,62.61000061035156,101.52999877929688
178.0,186.0,62.61000061035156,101.52999877929688
179.0,188.0,62.61000061035156,101.52999877929688
179.0,188.0,62.61000061035156,101.52999877929688
136.0,121.0,62.61000061035156,101.52999877929688
139.0,127.0,62.61000061035156,101.52999877929688
144.0,122.0,62.61000061035156,101.52999877929688
176.0,187.0,62.61000061035156,101.52999877929688
176.0,186.0,62.61000061035156,101.52999877929688
176.0,185.0,62.61000061035156,101.52999877929688
173.0,185.0,62.61000061035156,101.52999877929688
173.0,185.0,62.61000061035156,101.52999877929688
173.0,186.0,62.61000061035156,101.52999877929688
172.0,189.0,62.61000061035156,101.52999877929688
172.0,191.0,62.61000061035156,101.52999877929688
173.0,191.0,62.61000061035156,101.52999877929688
174.0,190.0,62.61000061035156,101.52999877929688
175.0,188.0,62.61000061035156,101.52999877929688
175.0,187.0,62.61000061035156,101.52999877929688
175.0,186.0,62.61000061035156,101.52999877929688
175.0,186.0,62.61000061035156,101.52999877929688
175.0,187.0,62.61000061035156,101.52999877929688
174.0,188.0,62.61000061035156,101.52999877929688
174.0,189.0,62.61000061035156,101.52999877929688
173.0,192.0,62.61000061035156,101.52999877929688
171.0,198.0,62.61000061035156,101.52999877929688
169.0,199.0,62.61000061035156,101.52999877929688
167.0,201.0,62.61000061035156,101.52999877929688
165.0,202.0,62.61000061035156,101.52999877929688
160.0,201.0,62.61000061035156,101.52999877929688
158.0,203.0,62.61000061035156,101.52999877929688
156.0,204.0,62.61000061035156,101.52999877929688
154.0,206.0,62.61000061035156,101.52999877929688
151.0,207.0,62.61000061035156,101.52999877929688
148.0,209.0,62.61000061035156,101.52999877929688
147.0,209.0,62.61000061035156,101.52999877929688
146.0,210.0,62.61000061035156,101.52999877929688
143.0,210.0,62.61000061035156,101.52999877929688
140.0,211.0,62.61000061035156,101.52999877929688
138.0,217.0,62.61000061035156,101.52999877929688
136.0,207.0,62.61000061035156,101.52999877929688
134.0,208.0,62.61000061035156,101.52999877929688
2
0
0
0
0
1
125.0,199.0,50.27000045776367,135.19000244140625
124.0,199.0,50.27000045776367,135.19000244140625
124.0,199.0,50.27000045776367,135.19000244140625
123.0,200.0,50.27000045776367,135.19000244140625
123.0,200.0,50.27000045776367,135.19000244140625
124.0,200.0,50.27000045776367,135.19000244140625
126.0,198.0,50.27000045776367,135.19000244140625
127.0,197.0,50.27000045776367,135.19000244140625
127.0,197.0,50.27000045776367,135.19000244140625
127.0,197.0,50.27000045776367,135.19000244140625
126.0,198.0,50.27000045776367,135.19000244140625
2
0
0
0
0
1
135.0,211.0,38.2400016784668,132.63999938964844
137.0,211.0,38.2400016784668,132.63999938964844
138.0,212.0,38.2400016784668,132.63999938964844
138.0,212.0,38.2400016784668,132.63999938964844
139.0,212.0,38.2400016784668,132.63999938964844
140.0,212.0,38.2400016784668,132.63999938964844
140.0,212.0,38.2400016784668,132.63999938964844
141.0,213.0,38.2400016784668,132.63999938964844
141.0,213.0,38.2400016784668,132.63999938964844
141.0,213.0,38.2400016784668,132.63999938964844
141.0,213.0,38.2400016784668,132.63999938964844
142.0,214.0,38.2400016784668,132.63999938964844
143.0,215.0,38.2400016784668,132.63999938964844
2
0
0
0
0
1
138.0,213.0,36.59000015258789,127.11000061035156
138.0,213.0,36.59000015258789,127.11000061035156
138.0,213.0,36.59000015258789,127.11000061035156
138.0,213.0,36.59000015258789,127.11000061035156
138.0,213.0,36.59000015258789,127.11000061035156
2
0
0
0
0
1
136.0,198.0,37.22999954223633,149.6999969482422
137.0,199.0,37.22999954223633,149.6999969482422
138.0,199.0,37.22999954223633,149.6999969482422
138.0,199.0,37.22999954223633,149.6999969482422
139.0,200.0,37.22999954223633,149.6999969482422
140.0,200.0,37.22999954223633,149.6999969482422
140.0,200.0,37.22999954223633,149.6999969482422
141.0,201.0,37.22999954223633,149.6999969482422
142.0,201.0,37.22999954223633,149.6999969482422
142.0,201.0,37.22999954223633,149.6999969482422
143.0,202.0,37.22999954223633,149.6999969482422
144.0,202.0,37.22999954223633,149.6999969482422
144.0,202.0,37.22999954223633,149.6999969482422
145.0,203.0,37.22999954223633,149.6999969482422
145.0,203.0,37.22999954223633,149.6999969482422
146.0,203.0,37.22999954223633,149.6999969482422
146.0,204.0,37.22999954223633,149.6999969482422
147.0,204.0,37.22999954223633,149.6999969482422
148.0,204.0,37.22999954223633,149.6999969482422
148.0,205.0,37.22999954223633,149.6999969482422
149.0,205.0,37.22999954223633,149.6999969482422
149.0,205.0,37.22999954223633,149.6999969482422
149.0,205.0,37.22999954223633,149.6999969482422
149.0,205.0,37.22999954223633,149.6999969482422
149.0,205.0,37.22999954223633,149.6999969482422
149.0,205.0,37.22999954223633,149.6999969482422
149.0,205.0,37.22999954223633,149.6999969482422
139.0,205.0,37.22999954223633,149.6999969482422
139.0,205.0,37.22999954223633,149.6999969482422
155.0,206.0,37.22999954223633,149.6999969482422
156.0,206.0,37.22999954223633,149.6999969482422
157.0,206.0,37.22999954223633,149.6999969482422
159.0,206.0,37.22999954223633,149.6999969482422
160.0,206.0,37.22999954223633,149.6999969482422
161.0,206.0,37.22999954223633,149.6999969482422
161.0,206.0,37.22999954223633,149.6999969482422
162.0,206.0,37.22999954223633,149.6999969482422
162.0,205.0,37.22999954223633,149.6999969482422
162.0,205.0,37.22999954223633,149.6999969482422
161.0,205.0,37.22999954223633,149.6999969482422
161.0,205.0,37.22999954223633,149.6999969482422
162.0,205.0,37.22999954223633,149.6999969482422
163.0,205.0,37.22999954223633,149.6999969482422
163.0,205.0,37.22999954223633,149.6999969482422
163.0,206.0,37.22999954223633,149.6999969482422
164.0,206.0,37.22999954223633,149.6999969482422
164.0,206.0,37.22999954223633,149.6999969482422
165.0,206.0,37.22999954223633,149.6999969482422
166.0,206.0,37.22999954223633,149.6999969482422
166.0,206.0,37.22999954223633,149.6999969482422
166.0,207.0,37.22999954223633,149.6999969482422
166.0,207.0,37.22999954223633,149.6999969482422
166.0,207.0,37.22999954223633,149.6999969482422
166.0,207.0,37.22999954223633,149.6999969482422
166.0,207.0,37.22999954223633,149.6999969482422
2
0
0
0
0
1
161.0,218.0,53.33000183105469,132.72000122070312
162.0,218.0,53.33000183105469,132.72000122070312
164.0,219.0,53.33000183105469,132.72000122070312
165.0,219.0,53.33000183105469,132.72000122070312
166.0,219.0,53.33000183105469,132.72000122070312
168.0,219.0,53.33000183105469,132.72000122070312
169.0,219.0,53.33000183105469,132.72000122070312
171.0,219.0,53.33000183105469,132.72000122070312
174.0,220.0,53.33000183105469,132.72000122070312
177.0,220.0,53.33000183105469,132.72000122070312
179.0,220.0,53.33000183105469,132.72000122070312
2
0
0
0
0
1
194.0,218.0,41.04999923706055,136.44000244140625
196.0,218.0,41.04999923706055,136.44000244140625
197.0,218.0,41.04999923706055,136.44000244140625
198.0,220.0,41.04999923706055,136.44000244140625
199.0,221.0,41.04999923706055,136.44000244140625
2
0
0
0
0
1
208.0,221.0,58.27000045776367,125.33999633789062
211.0,222.0,58.27000045776367,125.33999633789062
216.0,223.0,58.27000045776367,125.33999633789062
221.0,223.0,58.27000045776367,125.33999633789062
224.0,225.0,58.27000045776367,125.33999633789062
230.0,224.0,58.27000045776367,125.33999633789062
235.0,224.0,58.27000045776367,125.33999633789062
240.0,223.0,58.27000045776367,125.33999633789062
246.0,222.0,58.27000045776367,125.33999633789062
2
0
0
0
0
1
288.0,218.0,62.77000045776367,126.29000091552734
295.0,218.0,62.77000045776367,126.29000091552734
301.0,218.0,62.77000045776367,126.29000091552734
265.0,123.0,62.77000045776367,126.29000091552734
2
0
0
0
0
1
367.0,222.0,48.18000030517578,82.58000183105469
2
0
0
0
0
1
401.0,229.0,66.43000030517578,116.0199966430664
400.0,229.0,66.43000030517578,116.0199966430664
2
0
0
0
0
1
408.0,207.0,38.40999984741211,124.55999755859375
405.0,206.0,38.40999984741211,124.55999755859375
402.0,204.0,38.40999984741211,124.55999755859375
399.0,202.0,38.40999984741211,124.55999755859375
396.0,200.0,38.40999984741211,124.55999755859375
392.0,197.0,38.40999984741211,124.55999755859375
2
0
0
0
0
1
362.0,183.0,51.279998779296875,115.04000091552734
358.0,183.0,51.279998779296875,115.04000091552734
355.0,184.0,51.279998779296875,115.04000091552734
353.0,184.0,51.279998779296875,115.04000091552734
350.0,183.0,51.279998779296875,115.04000091552734
2
0
0
0
0
1
339.0,173.0,54.720001220703125,111.88999938964844
337.0,171.0,54.720001220703125,111.88999938964844
336.0,170.0,54.720001220703125,111.88999938964844
334.0,169.0,54.720001220703125,111.88999938964844
334.0,168.0,54.720001220703125,111.88999938964844
334.0,169.0,54.720001220703125,111.88999938964844
331.0,236.0,54.720001220703125,111.88999938964844
324.0,206.0,54.720001220703125,111.88999938964844
2
0
0
0
0
1
341.0,174.0,40.709999084472656,104.87999725341797
340.0,173.0,40.709999084472656,104.87999725341797
339.0,173.0,40.709999084472656,104.87999725341797
338.0,173.0,40.709999084472656,104.87999725341797
337.0,173.0,40.709999084472656,104.87999725341797
336.0,173.0,40.709999084472656,104.87999725341797
335.0,174.0,40.709999084472656,104.87999725341797
334.0,174.0,40.709999084472656,104.87999725341797
333.0,174.0,40.709999084472656,104.87999725341797
332.0,175.0,40.709999084472656,104.87999725341797
332.0,176.0,40.709999084472656,104.87999725341797
332.0,178.0,40.709999084472656,104.87999725341797
330.0,180.0,40.709999084472656,104.87999725341797
329.0,180.0,40.709999084472656,104.87999725341797
328.0,180.0,40.709999084472656,104.87999725341797
328.0,172.0,40.709999084472656,104.87999725341797
326.0,171.0,40.709999084472656,104.87999725341797
325.0,170.0,40.709999084472656,104.87999725341797
323.0,170.0,40.709999084472656,104.87999725341797
321.0,172.0,40.709999084472656,104.87999725341797
320.0,175.0,40.709999084472656,104.87999725341797
319.0,175.0,40.709999084472656,104.87999725341797
318.0,173.0,40.709999084472656,104.87999725341797
317.0,172.0,40.709999084472656,104.87999725341797
316.0,171.0,40.709999084472656,104.87999725341797
315.0,172.0,40.709999084472656,104.87999725341797
314.0,172.0,40.709999084472656,104.87999725341797
313.0,172.0,40.709999084472656,104.87999725341797
313.0,173.0,40.709999084472656,104.87999725341797
2
0
0
0
0
1
294.0,179.0,51.470001220703125,99.63999938964844
292.0,178.0,51.470001220703125,99.63999938964844
289.0,178.0,51.470001220703125,99.63999938964844
287.0,177.0,51.470001220703125,99.63999938964844
286.0,175.0,51.470001220703125,99.63999938964844
285.0,174.0,51.470001220703125,99.63999938964844
284.0,172.0,51.470001220703125,99.63999938964844
2
0
0
0
0
1
291.0,174.0,43.65999984741211,114.44000244140625
292.0,175.0,43.65999984741211,114.44000244140625
293.0,175.0,43.65999984741211,114.44000244140625
291.0,176.0,43.65999984741211,114.44000244140625
290.0,176.0,43.65999984741211,114.44000244140625
288.0,176.0,43.65999984741211,114.44000244140625
286.0,175.0,43.65999984741211,114.44000244140625
285.0,174.0,43.65999984741211,114.44000244140625
285.0,171.0,43.65999984741211,114.44000244140625
284.0,170.0,43.65999984741211,114.44000244140625
284.0,168.0,43.65999984741211,114.44000244140625
285.0,165.0,43.65999984741211,114.44000244140625
286.0,164.0,43.65999984741211,114.44000244140625
290.0,158.0,43.65999984741211,114.44000244140625
290.0,158.0,43.65999984741211,114.44000244140625
290.0,159.0,43.65999984741211,114.44000244140625
290.0,165.0,43.65999984741211,114.44000244140625
2
0
0
0
0
1
306.0,159.0,38.04999923706055,108.80999755859375
308.0,159.0,38.04999923706055,108.80999755859375
310.0,159.0,38.04999923706055,108.80999755859375
311.0,160.0,38.04999923706055,108.80999755859375
313.0,160.0,38.04999923706055,108.80999755859375
316.0,161.0,38.04999923706055,108.80999755859375
318.0,161.0,38.04999923706055,108.80999755859375
320.0,161.0,38.04999923706055,108.80999755859375
321.0,160.0,38.04999923706055,108.80999755859375
323.0,159.0,38.04999923706055,108.80999755859375
325.0,157.0,38.04999923706055,108.80999755859375
326.0,156.0,38.04999923706055,108.80999755859375
328.0,155.0,38.04999923706055,108.80999755859375
2
0
0
0
0
1
325.0,142.0,48.0099983215332,100.94999694824219
323.0,137.0,48.0099983215332,100.94999694824219
323.0,135.0,48.0099983215332,100.94999694824219
323.0,133.0,48.0099983215332,100.94999694824219
323.0,131.0,48.0099983215332,100.94999694824219
2
0
0
0
0
1
325.0,148.0,41.470001220703125,104.30999755859375
324.0,152.0,41.470001220703125,104.30999755859375
2
0
0
0
0
1
327.0,158.0,43.04999923706055,93.8499984741211
327.0,158.0,43.04999923706055,93.8499984741211
328.0,158.0,43.04999923706055,93.8499984741211
329.0,159.0,43.04999923706055,93.8499984741211
329.0,160.0,43.04999923706055,93.8499984741211
2
0
0
0
0
1
329.0,176.0,40.9900016784668,71.91999816894531
329.0,179.0,40.9900016784668,71.91999816894531
331.0,181.0,40.9900016784668,71.91999816894531
334.0,184.0,40.9900016784668,71.91999816894531
353.0,244.0,40.9900016784668,71.91999816894531
356.0,249.0,40.9900016784668,71.91999816894531
358.0,256.0,40.9900016784668,71.91999816894531
364.0,263.0,40.9900016784668,71.91999816894531
2
0
0
0
0
1
334.0,209.0,46.380001068115234,121.06999969482422
335.0,210.0,46.380001068115234,121.06999969482422
335.0,212.0,46.380001068115234,121.06999969482422
335.0,213.0,46.380001068115234,121.06999969482422
335.0,213.0,46.380001068115234,121.06999969482422
334.0,213.0,46.380001068115234,121.06999969482422
335.0,213.0,46.380001068115234,121.06999969482422
335.0,213.0,46.380001068115234,121.06999969482422
336.0,212.0,46.380001068115234,121.06999969482422
336.0,212.0,46.380001068115234,121.06999969482422
334.0,212.0,46.380001068115234,121.06999969482422
2
0
0
0
0
1
351.0,209.0,26.8799991607666,118.45999908447266
351.0,209.0,26.8799991607666,118.45999908447266
351.0,208.0,26.8799991607666,118.45999908447266
351.0,208.0,26.8799991607666,118.45999908447266
352.0,207.0,26.8799991607666,118.45999908447266
352.0,205.0,26.8799991607666,118.45999908447266
2
0
0
0
0
1
344.0,202.0,34.63999938964844,112.52999877929688
344.0,202.0,34.63999938964844,112.52999877929688
344.0,203.0,34.63999938964844,112.52999877929688
343.0,203.0,34.63999938964844,112.52999877929688
342.0,203.0,34.63999938964844,112.52999877929688
341.0,203.0,34.63999938964844,112.52999877929688
340.0,203.0,34.63999938964844,112.52999877929688
340.0,203.0,34.63999938964844,112.52999877929688
340.0,203.0,34.63999938964844,112.52999877929688
340.0,202.0,34.63999938964844,112.52999877929688
340.0,201.0,34.63999938964844,112.52999877929688
340.0,201.0,34.63999938964844,112.52999877929688
340.0,201.0,34.63999938964844,112.52999877929688
2
0
0
0
0
1
330.0,207.0,53.38999938964844,111.20999908447266
330.0,207.0,53.38999938964844,111.20999908447266
328.0,207.0,53.38999938964844,111.20999908447266
326.0,207.0,53.38999938964844,111.20999908447266
324.0,207.0,53.38999938964844,111.20999908447266
2
0
0
0
0
