1
34.0,60.0,69.48200225830078,84.46399688720703
38.0,66.0,69.48200225830078,84.46399688720703
42.0,71.0,69.48200225830078,84.46399688720703
50.0,75.0,69.48200225830078,84.46399688720703
61.0,77.0,69.48200225830078,84.46399688720703
73.0,78.0,69.48200225830078,84.46399688720703
81.0,80.0,69.48200225830078,84.46399688720703
89.0,84.0,69.48200225830078,84.46399688720703
98.0,88.0,69.48200225830078,84.46399688720703
109.0,92.0,69.48200225830078,84.46399688720703
117.0,91.0,69.48200225830078,84.46399688720703
123.0,89.0,69.48200225830078,84.46399688720703
126.0,81.0,69.48200225830078,84.46399688720703
131.0,76.0,69.48200225830078,84.46399688720703
133.0,71.0,69.48200225830078,84.46399688720703
142.0,70.0,69.48200225830078,84.46399688720703
149.0,67.0,69.48200225830078,84.46399688720703
159.0,71.0,69.48200225830078,84.46399688720703
173.0,70.0,69.48200225830078,84.46399688720703
190.0,71.0,69.48200225830078,84.46399688720703
205.0,71.0,69.48200225830078,84.46399688720703
222.0,70.0,69.48200225830078,84.46399688720703
239.0,70.0,69.48200225830078,84.46399688720703
255.0,69.0,69.48200225830078,84.46399688720703
268.0,69.0,69.48200225830078,84.46399688720703
277.0,57.0,69.48200225830078,84.46399688720703
284.0,55.0,69.48200225830078,84.46399688720703
286.0,53.0,69.48200225830078,84.46399688720703
286.0,52.0,69.48200225830078,84.46399688720703
281.0,53.0,69.48200225830078,84.46399688720703
2
0
0
0
0
1
188.0,72.0,71.80000305175781,85.46199798583984
176.0,77.0,71.80000305175781,85.46199798583984
166.0,80.0,71.80000305175781,85.46199798583984
2
0
0
0
0
1
122.0,93.0,65.20999908447266,81.86299896240234
119.0,92.0,65.20999908447266,81.86299896240234
116.0,91.0,65.20999908447266,81.86299896240234
113.0,90.0,65.20999908447266,81.86299896240234
111.0,89.0,65.20999908447266,81.86299896240234
114.0,90.0,65.20999908447266,81.86299896240234
123.0,91.0,65.20999908447266,81.86299896240234
137.0,90.0,65.20999908447266,81.86299896240234
155.0,89.0,65.20999908447266,81.86299896240234
175.0,87.0,65.20999908447266,81.86299896240234
195.0,85.0,65.20999908447266,81.86299896240234
215.0,84.0,65.20999908447266,81.86299896240234
233.0,84.0,65.20999908447266,81.86299896240234
249.0,83.0,65.20999908447266,81.86299896240234
267.0,82.0,65.20999908447266,81.86299896240234
280.0,80.0,65.20999908447266,81.86299896240234
291.0,76.0,65.20999908447266,81.86299896240234
300.0,71.0,65.20999908447266,81.86299896240234
310.0,69.0,65.20999908447266,81.86299896240234
319.0,65.0,65.20999908447266,81.86299896240234
318.0,65.0,65.20999908447266,81.86299896240234
317.0,64.0,65.20999908447266,81.86299896240234
306.0,67.0,65.20999908447266,81.86299896240234
290.0,73.0,65.20999908447266,81.86299896240234
272.0,81.0,65.20999908447266,81.86299896240234
251.0,87.0,65.20999908447266,81.86299896240234
230.0,89.0,65.20999908447266,81.86299896240234
206.0,92.0,65.20999908447266,81.86299896240234
179.0,95.0,65.20999908447266,81.86299896240234
154.0,94.0,65.20999908447266,81.86299896240234
133.0,102.0,65.20999908447266,81.86299896240234
125.0,94.0,65.20999908447266,81.86299896240234
105.0,90.0,65.20999908447266,81.86299896240234
86.0,85.0,65.20999908447266,81.86299896240234
66.0,82.0,65.20999908447266,81.86299896240234
45.0,79.0,65.20999908447266,81.86299896240234
18.0,77.0,65.20999908447266,81.86299896240234
5.0,76.0,65.20999908447266,81.86299896240234
2
0
0
0
0
1
6.0,82.0,62.19390106201172,92.80000305175781
11.0,82.0,62.19390106201172,92.80000305175781
15.0,82.0,62.19390106201172,92.80000305175781
2
0
0
0
0
1
61.0,90.0,85.11900329589844,93.41400146484375
77.0,92.0,85.11900329589844,93.41400146484375
94.0,93.0,85.11900329589844,93.41400146484375
114.0,96.0,85.11900329589844,93.41400146484375
134.0,98.0,85.11900329589844,93.41400146484375
155.0,101.0,85.11900329589844,93.41400146484375
171.0,102.0,85.11900329589844,93.41400146484375
2
0
0
0
0
1
325.0,109.0,81.0,84.0
338.0,106.0,81.0,84.0
345.0,101.0,81.0,84.0
346.0,95.0,81.0,84.0
346.0,92.0,81.0,84.0
336.0,86.0,81.0,84.0
325.0,80.0,81.0,84.0
301.0,76.0,81.0,84.0
288.0,75.0,81.0,84.0
272.0,74.0,81.0,84.0
258.0,76.0,81.0,84.0
259.0,61.0,81.0,84.0
2
0
0
0
0
1
210.0,84.0,82.48999786376953,90.30000305175781
187.0,76.0,82.48999786376953,90.30000305175781
172.0,73.0,82.48999786376953,90.30000305175781
157.0,79.0,82.48999786376953,90.30000305175781
149.0,85.0,82.48999786376953,90.30000305175781
155.0,85.0,82.48999786376953,90.30000305175781
170.0,79.0,82.48999786376953,90.30000305175781
192.0,84.0,82.48999786376953,90.30000305175781
212.0,88.0,82.48999786376953,90.30000305175781
227.0,93.0,82.48999786376953,90.30000305175781
225.0,95.0,82.48999786376953,90.30000305175781
233.0,99.0,82.48999786376953,90.30000305175781
233.0,99.0,82.48999786376953,90.30000305175781
170.0,149.0,82.48999786376953,90.30000305175781
230.0,102.0,82.48999786376953,90.30000305175781
173.0,143.0,82.48999786376953,90.30000305175781
173.0,143.0,82.48999786376953,90.30000305175781
171.0,145.0,82.48999786376953,90.30000305175781
170.0,148.0,82.48999786376953,90.30000305175781
172.0,147.0,82.48999786376953,90.30000305175781
2
0
0
0
0
1
301.0,81.0,61.040000915527344,68.91400146484375
308.0,73.0,61.040000915527344,68.91400146484375
312.0,61.0,61.040000915527344,68.91400146484375
312.0,53.0,61.040000915527344,68.91400146484375
310.0,53.0,61.040000915527344,68.91400146484375
303.0,61.0,61.040000915527344,68.91400146484375
295.0,71.0,61.040000915527344,68.91400146484375
286.0,86.0,61.040000915527344,68.91400146484375
275.0,106.0,61.040000915527344,68.91400146484375
2
0
0
0
0
1
216.0,72.0,79.06999969482422,93.84700012207031
207.0,69.0,79.06999969482422,93.84700012207031
212.0,69.0,79.06999969482422,93.84700012207031
220.0,69.0,79.06999969482422,93.84700012207031
215.0,71.0,79.06999969482422,93.84700012207031
195.0,72.0,79.06999969482422,93.84700012207031
175.0,79.0,79.06999969482422,93.84700012207031
159.0,89.0,79.06999969482422,93.84700012207031
156.0,97.0,79.06999969482422,93.84700012207031
164.0,98.0,79.06999969482422,93.84700012207031
169.0,96.0,79.06999969482422,93.84700012207031
170.0,94.0,79.06999969482422,93.84700012207031
171.0,92.0,79.06999969482422,93.84700012207031
182.0,89.0,79.06999969482422,93.84700012207031
186.0,95.0,79.06999969482422,93.84700012207031
189.0,97.0,79.06999969482422,93.84700012207031
199.0,88.0,79.06999969482422,93.84700012207031
204.0,82.0,79.06999969482422,93.84700012207031
215.0,74.0,79.06999969482422,93.84700012207031
224.0,69.0,79.06999969482422,93.84700012207031
214.0,58.0,79.06999969482422,93.84700012207031
214.0,58.0,79.06999969482422,93.84700012207031
215.0,69.0,79.06999969482422,93.84700012207031
217.0,70.0,79.06999969482422,93.84700012207031
220.0,73.0,79.06999969482422,93.84700012207031
220.0,76.0,79.06999969482422,93.84700012207031
219.0,78.0,79.06999969482422,93.84700012207031
217.0,80.0,79.06999969482422,93.84700012207031
222.0,79.0,79.06999969482422,93.84700012207031
226.0,78.0,79.06999969482422,93.84700012207031
237.0,75.0,79.06999969482422,93.84700012207031
256.0,76.0,79.06999969482422,93.84700012207031
249.0,85.0,79.06999969482422,93.84700012207031
253.0,85.0,79.06999969482422,93.84700012207031
272.0,71.0,79.06999969482422,93.84700012207031
257.0,73.0,79.06999969482422,93.84700012207031
240.0,78.0,79.06999969482422,93.84700012207031
238.0,80.0,79.06999969482422,93.84700012207031
244.0,84.0,79.06999969482422,93.84700012207031
239.0,80.0,79.06999969482422,93.84700012207031
203.0,77.0,79.06999969482422,93.84700012207031
227.0,79.0,79.06999969482422,93.84700012207031
211.0,79.0,79.06999969482422,93.84700012207031
189.0,81.0,79.06999969482422,93.84700012207031
170.0,88.0,79.06999969482422,93.84700012207031
155.0,96.0,79.06999969482422,93.84700012207031
145.0,102.0,79.06999969482422,93.84700012207031
148.0,105.0,79.06999969482422,93.84700012207031
154.0,104.0,79.06999969482422,93.84700012207031
164.0,98.0,79.06999969482422,93.84700012207031
171.0,92.0,79.06999969482422,93.84700012207031
179.0,83.0,79.06999969482422,93.84700012207031
187.0,74.0,79.06999969482422,93.84700012207031
193.0,68.0,79.06999969482422,93.84700012207031
212.0,57.0,79.06999969482422,93.84700012207031
224.0,58.0,79.06999969482422,93.84700012207031
230.0,58.0,79.06999969482422,93.84700012207031
235.0,60.0,79.06999969482422,93.84700012207031
234.0,69.0,79.06999969482422,93.84700012207031
233.0,70.0,79.06999969482422,93.84700012207031
225.0,74.0,79.06999969482422,93.84700012207031
212.0,79.0,79.06999969482422,93.84700012207031
200.0,87.0,79.06999969482422,93.84700012207031
181.0,95.0,79.06999969482422,93.84700012207031
174.0,97.0,79.06999969482422,93.84700012207031
176.0,98.0,79.06999969482422,93.84700012207031
181.0,97.0,79.06999969482422,93.84700012207031
184.0,95.0,79.06999969482422,93.84700012207031
195.0,85.0,79.06999969482422,93.84700012207031
209.0,80.0,79.06999969482422,93.84700012207031
217.0,78.0,79.06999969482422,93.84700012207031
222.0,77.0,79.06999969482422,93.84700012207031
227.0,78.0,79.06999969482422,93.84700012207031
230.0,79.0,79.06999969482422,93.84700012207031
237.0,84.0,79.06999969482422,93.84700012207031
2
0
0
0
0
1
207.0,107.0,70.01000213623047,84.01000213623047
204.0,112.0,70.01000213623047,84.01000213623047
201.0,120.0,70.01000213623047,84.01000213623047
201.0,123.0,70.01000213623047,84.01000213623047
206.0,120.0,70.01000213623047,84.01000213623047
214.0,111.0,70.01000213623047,84.01000213623047
227.0,108.0,70.01000213623047,84.01000213623047
238.0,106.0,70.01000213623047,84.01000213623047
2
0
0
0
0
1
192.0,78.0,82.43000030517578,114.29199981689453
196.0,62.0,82.43000030517578,114.29199981689453
203.0,60.0,82.43000030517578,114.29199981689453
207.0,58.0,82.43000030517578,114.29199981689453
209.0,55.0,82.43000030517578,114.29199981689453
207.0,56.0,82.43000030517578,114.29199981689453
205.0,56.0,82.43000030517578,114.29199981689453
201.0,57.0,82.43000030517578,114.29199981689453
195.0,60.0,82.43000030517578,114.29199981689453
2
0
0
0
0
1
111.0,55.0,125.25,125.50199890136719
123.0,49.0,125.25,125.50199890136719
137.0,47.0,125.25,125.50199890136719
157.0,45.0,125.25,125.50199890136719
172.0,54.0,125.25,125.50199890136719
189.0,58.0,125.25,125.50199890136719
213.0,65.0,125.25,125.50199890136719
224.0,73.0,125.25,125.50199890136719
2
0
0
0
0
1
239.0,78.0,84.86000061035156,100.41500091552734
236.0,78.0,84.86000061035156,100.41500091552734
230.0,78.0,84.86000061035156,100.41500091552734
220.0,78.0,84.86000061035156,100.41500091552734
211.0,84.0,84.86000061035156,100.41500091552734
201.0,84.0,84.86000061035156,100.41500091552734
193.0,82.0,84.86000061035156,100.41500091552734
199.0,86.0,84.86000061035156,100.41500091552734
213.0,89.0,84.86000061035156,100.41500091552734
227.0,98.0,84.86000061035156,100.41500091552734
2
0
0
0
0
1
235.0,85.0,83.56999969482422,96.6780014038086
227.0,81.0,83.56999969482422,96.6780014038086
2
0
0
0
0
1
231.0,71.0,83.94000244140625,94.99400329589844
268.0,73.0,83.94000244140625,94.99400329589844
298.0,61.0,83.94000244140625,94.99400329589844
296.0,57.0,83.94000244140625,94.99400329589844
259.0,60.0,83.94000244140625,94.99400329589844
220.0,64.0,83.94000244140625,94.99400329589844
189.0,77.0,83.94000244140625,94.99400329589844
171.0,94.0,83.94000244140625,94.99400329589844
171.0,100.0,83.94000244140625,94.99400329589844
170.0,105.0,83.94000244140625,94.99400329589844
178.0,104.0,83.94000244140625,94.99400329589844
2
0
0
0
0
1
204.0,95.0,73.52999877929688,86.59400177001953
206.0,99.0,73.52999877929688,86.59400177001953
220.0,112.0,73.52999877929688,86.59400177001953
2
0
0
0
0
1
283.0,77.0,69.05000305175781,85.91600036621094
250.0,80.0,69.05000305175781,85.91600036621094
2
0
0
0
0
1
123.0,93.0,101.58000183105469,99.4749984741211
2
0
0
0
0
1
128.0,91.0,70.36000061035156,83.4530029296875
121.0,96.0,70.36000061035156,83.4530029296875
129.0,98.0,70.36000061035156,83.4530029296875
144.0,93.0,70.36000061035156,83.4530029296875
161.0,81.0,70.36000061035156,83.4530029296875
