1
497.0,402.0,40.0,42.0
499.0,388.0,40.0,42.0
499.0,379.0,40.0,42.0
499.0,372.0,40.0,42.0
499.0,372.0,40.0,42.0
499.0,372.0,40.0,42.0
499.0,372.0,40.0,42.0
499.0,372.0,40.0,42.0
499.0,372.0,40.0,42.0
499.0,372.0,40.0,42.0
499.0,372.0,40.0,42.0
2
0
0
0
0
1
2
0
0
0
0
1
512.0,307.0,41.81999969482422,37.939998626708984
512.0,317.0,41.81999969482422,37.939998626708984
512.0,327.0,41.81999969482422,37.939998626708984
2
0
0
0
0
1
516.0,407.0,44.7400016784668,43.689998626708984
519.0,386.0,44.7400016784668,43.689998626708984
2
0
0
0
0
1
537.0,328.0,44.09000015258789,44.40999984741211
541.0,332.0,44.09000015258789,44.40999984741211
2
0
0
0
0
1
2
0
0
0
0
1
503.0,248.0,41.040000915527344,42.16999816894531
498.0,244.0,41.040000915527344,42.16999816894531
489.0,239.0,41.040000915527344,42.16999816894531
482.0,238.0,41.040000915527344,42.16999816894531
482.0,238.0,41.040000915527344,42.16999816894531
482.0,238.0,41.040000915527344,42.16999816894531
482.0,238.0,41.040000915527344,42.16999816894531
482.0,238.0,41.040000915527344,42.16999816894531
2
0
0
0
0
1
2
0
0
0
0
1
2
0
0
0
0
1
382.0,434.0,46.61000061035156,46.4900016784668
383.0,457.0,46.61000061035156,46.4900016784668
383.0,441.0,46.61000061035156,46.4900016784668
385.0,422.0,46.61000061035156,46.4900016784668
385.0,422.0,46.61000061035156,46.4900016784668
385.0,422.0,46.61000061035156,46.4900016784668
385.0,422.0,46.61000061035156,46.4900016784668
2
0
0
0
0
1
392.0,393.0,44.09000015258789,45.08000183105469
396.0,406.0,44.09000015258789,45.08000183105469
394.0,425.0,44.09000015258789,45.08000183105469
398.0,443.0,44.09000015258789,45.08000183105469
398.0,443.0,44.09000015258789,45.08000183105469
398.0,443.0,44.09000015258789,45.08000183105469
398.0,443.0,44.09000015258789,45.08000183105469
2
0
0
0
