1
339.0,112.0,81.70999908447266,15.649999618530273
329.0,114.0,81.70999908447266,15.649999618530273
320.0,115.0,81.70999908447266,15.649999618530273
2
0
0
0
0
1
284.0,82.0,41.15999984741211,73.48300170898438
2
0
0
0
0
1
276.0,34.0,20.700000762939453,78.59200286865234
277.0,30.0,20.700000762939453,78.59200286865234
279.0,25.0,20.700000762939453,78.59200286865234
280.0,28.0,20.700000762939453,78.59200286865234
281.0,29.0,20.700000762939453,78.59200286865234
283.0,11.0,20.700000762939453,78.59200286865234
280.0,19.0,20.700000762939453,78.59200286865234
275.0,26.0,20.700000762939453,78.59200286865234
272.0,28.0,20.700000762939453,78.59200286865234
2
0
0
0
0
1
298.0,25.0,30.170000076293945,65.9219970703125
2
0
0
0
0
1
276.0,30.0,59.0,35.551998138427734
2
0
0
0
0
1
244.0,52.0,58.400001525878906,83.53500366210938
241.0,58.0,58.400001525878906,83.53500366210938
239.0,62.0,58.400001525878906,83.53500366210938
235.0,68.0,58.400001525878906,83.53500366210938
232.0,73.0,58.400001525878906,83.53500366210938
230.0,77.0,58.400001525878906,83.53500366210938
231.0,75.0,58.400001525878906,83.53500366210938
237.0,71.0,58.400001525878906,83.53500366210938
244.0,69.0,58.400001525878906,83.53500366210938
2
0
0
0
0
1
223.0,122.0,29.65999984741211,72.19000244140625
223.0,124.0,29.65999984741211,72.19000244140625
219.0,151.0,29.65999984741211,72.19000244140625
218.0,158.0,29.65999984741211,72.19000244140625
218.0,163.0,29.65999984741211,72.19000244140625
218.0,167.0,29.65999984741211,72.19000244140625
2
0
0
0
0
1
227.0,194.0,23.700000762939453,84.62999725341797
229.0,200.0,23.700000762939453,84.62999725341797
231.0,208.0,23.700000762939453,84.62999725341797
233.0,215.0,23.700000762939453,84.62999725341797
235.0,221.0,23.700000762939453,84.62999725341797
234.0,217.0,23.700000762939453,84.62999725341797
233.0,216.0,23.700000762939453,84.62999725341797
231.0,213.0,23.700000762939453,84.62999725341797
249.0,245.0,23.700000762939453,84.62999725341797
253.0,251.0,23.700000762939453,84.62999725341797
255.0,256.0,23.700000762939453,84.62999725341797
256.0,260.0,23.700000762939453,84.62999725341797
258.0,266.0,23.700000762939453,84.62999725341797
259.0,271.0,23.700000762939453,84.62999725341797
260.0,276.0,23.700000762939453,84.62999725341797
261.0,281.0,23.700000762939453,84.62999725341797
263.0,287.0,23.700000762939453,84.62999725341797
264.0,291.0,23.700000762939453,84.62999725341797
265.0,295.0,23.700000762939453,84.62999725341797
265.0,290.0,23.700000762939453,84.62999725341797
266.0,293.0,23.700000762939453,84.62999725341797
268.0,283.0,23.700000762939453,84.62999725341797
2
0
0
0
0
1
248.0,366.0,39.470001220703125,82.80000305175781
245.0,373.0,39.470001220703125,82.80000305175781
247.0,366.0,39.470001220703125,82.80000305175781
247.0,364.0,39.470001220703125,82.80000305175781
247.0,364.0,39.470001220703125,82.80000305175781
2
0
0
0
0
1
239.0,408.0,31.290000915527344,84.66000366210938
239.0,409.0,31.290000915527344,84.66000366210938
238.0,412.0,31.290000915527344,84.66000366210938
238.0,414.0,31.290000915527344,84.66000366210938
239.0,405.0,31.290000915527344,84.66000366210938
238.0,394.0,31.290000915527344,84.66000366210938
2
0
0
0
0
1
240.0,477.0,43.95000076293945,83.43000030517578
240.0,474.0,43.95000076293945,83.43000030517578
241.0,470.0,43.95000076293945,83.43000030517578
242.0,466.0,43.95000076293945,83.43000030517578
244.0,466.0,43.95000076293945,83.43000030517578
2
0
0
0
0
1
254.0,529.0,33.209999084472656,87.05999755859375
253.0,532.0,33.209999084472656,87.05999755859375
252.0,536.0,33.209999084472656,87.05999755859375
253.0,524.0,33.209999084472656,87.05999755859375
2
0
0
0
0
1
291.0,562.0,77.56999969482422,59.529998779296875
307.0,551.0,77.56999969482422,59.529998779296875
322.0,540.0,77.56999969482422,59.529998779296875
336.0,530.0,77.56999969482422,59.529998779296875
349.0,521.0,77.56999969482422,59.529998779296875
362.0,512.0,77.56999969482422,59.529998779296875
373.0,504.0,77.56999969482422,59.529998779296875
385.0,496.0,77.56999969482422,59.529998779296875
382.0,497.0,77.56999969482422,59.529998779296875
2
0
0
0
0
1
485.0,489.0,23.15999984741211,68.54000091552734
487.0,486.0,23.15999984741211,68.54000091552734
2
0
0
0
0
1
471.0,535.0,39.66999816894531,80.95999908447266
473.0,514.0,39.66999816894531,80.95999908447266
2
0
0
0
0
1
2
0
0
0
0
1
2
0
0
0
0
1
590.0,502.0,70.72000122070312,64.55999755859375
610.0,516.0,70.72000122070312,64.55999755859375
624.0,525.0,70.72000122070312,64.55999755859375
639.0,538.0,70.72000122070312,64.55999755859375
654.0,549.0,70.72000122070312,64.55999755859375
667.0,559.0,70.72000122070312,64.55999755859375
677.0,567.0,70.72000122070312,64.55999755859375
687.0,575.0,70.72000122070312,64.55999755859375
698.0,584.0,70.72000122070312,64.55999755859375
708.0,592.0,70.72000122070312,64.55999755859375
716.0,599.0,70.72000122070312,64.55999755859375
723.0,605.0,70.72000122070312,64.55999755859375
731.0,611.0,70.72000122070312,64.55999755859375
716.0,601.0,70.72000122070312,64.55999755859375
710.0,605.0,70.72000122070312,64.55999755859375
2
0
0
0
0
1
762.0,619.0,82.80000305175781,55.90999984741211
777.0,610.0,82.80000305175781,55.90999984741211
783.0,606.0,82.80000305175781,55.90999984741211
788.0,603.0,82.80000305175781,55.90999984741211
2
0
0
0
0
1
843.0,622.0,83.0199966430664,17.370100021362305
840.0,624.0,83.0199966430664,17.370100021362305
2
0
0
0
0
1
925.0,604.0,84.23999786376953,34.279998779296875
933.0,602.0,84.23999786376953,34.279998779296875
940.0,600.0,84.23999786376953,34.279998779296875
947.0,598.0,84.23999786376953,34.279998779296875
952.0,597.0,84.23999786376953,34.279998779296875
958.0,595.0,84.23999786376953,34.279998779296875
943.0,597.0,84.23999786376953,34.279998779296875
2
0
0
0
0
1
1019.0,603.0,82.5999984741211,35.470001220703125
1016.0,603.0,82.5999984741211,35.470001220703125
1016.0,604.0,82.5999984741211,35.470001220703125
1014.0,605.0,82.5999984741211,35.470001220703125
1104.0,629.0,82.5999984741211,35.470001220703125
1100.0,625.0,82.5999984741211,35.470001220703125
1097.0,622.0,82.5999984741211,35.470001220703125
1095.0,621.0,82.5999984741211,35.470001220703125
1048.0,594.0,82.5999984741211,35.470001220703125
1046.0,595.0,82.5999984741211,35.470001220703125
1043.0,595.0,82.5999984741211,35.470001220703125
1032.0,592.0,82.5999984741211,35.470001220703125
2
0
0
0
0
1
1187.0,611.0,38.399898529052734,84.81999969482422
1195.0,640.0,38.399898529052734,84.81999969482422
1200.0,657.0,38.399898529052734,84.81999969482422
1204.0,670.0,38.399898529052734,84.81999969482422
1209.0,685.0,38.399898529052734,84.81999969482422
2
0
0
0
0
1
1378.0,692.0,33.899898529052734,72.58000183105469
2
0
0
0
0
1
1516.0,500.0,70.9000015258789,70.97000122070312
2
0
0
0
0
1
1478.0,389.0,61.900001525878906,74.2300033569336
2
0
0
0
0
1
2
0
0
0
0
1
1168.0,354.0,82.0999984741211,13.170000076293945
1144.0,353.0,82.0999984741211,13.170000076293945
1123.0,353.0,82.0999984741211,13.170000076293945
1103.0,353.0,82.0999984741211,13.170000076293945
2
0
0
0
0
1
988.0,357.0,84.56990051269531,12.039999961853027
977.0,357.0,84.56990051269531,12.039999961853027
2
0
0
0
0
1
982.0,369.0,76.2300033569336,47.81999969482422
989.0,373.0,76.2300033569336,47.81999969482422
982.0,363.0,76.2300033569336,47.81999969482422
983.0,350.0,76.2300033569336,47.81999969482422
2
0
0
0
0
1
938.0,359.0,82.7699966430664,51.95000076293945
2
0
0
0
0
1
795.0,338.0,82.22000122070312,30.809999465942383
796.0,340.0,82.22000122070312,30.809999465942383
2
0
0
0
0
1
658.0,311.0,84.81999969482422,30.040000915527344
649.0,309.0,84.81999969482422,30.040000915527344
631.0,303.0,84.81999969482422,30.040000915527344
618.0,299.0,84.81999969482422,30.040000915527344
602.0,293.0,84.81999969482422,30.040000915527344
582.0,286.0,84.81999969482422,30.040000915527344
579.0,285.0,84.81999969482422,30.040000915527344
559.0,281.0,84.81999969482422,30.040000915527344
551.0,279.0,84.81999969482422,30.040000915527344
547.0,278.0,84.81999969482422,30.040000915527344
539.0,276.0,84.81999969482422,30.040000915527344
531.0,274.0,84.81999969482422,30.040000915527344
523.0,272.0,84.81999969482422,30.040000915527344
2
0
0
0
0
1
359.0,299.0,77.58000183105469,24.729999542236328
339.0,302.0,77.58000183105469,24.729999542236328
2
0
0
0
0
1
276.0,209.0,44.09000015258789,85.54000091552734
270.0,197.0,44.09000015258789,85.54000091552734
265.0,186.0,44.09000015258789,85.54000091552734
261.0,176.0,44.09000015258789,85.54000091552734
257.0,167.0,44.09000015258789,85.54000091552734
254.0,159.0,44.09000015258789,85.54000091552734
250.0,150.0,44.09000015258789,85.54000091552734
247.0,143.0,44.09000015258789,85.54000091552734
2
0
0
0
0
1
285.0,120.0,77.69000244140625,32.0
296.0,116.0,77.69000244140625,32.0
305.0,113.0,77.69000244140625,32.0
313.0,110.0,77.69000244140625,32.0
322.0,107.0,77.69000244140625,32.0
328.0,105.0,77.69000244140625,32.0
336.0,102.0,77.69000244140625,32.0
342.0,100.0,77.69000244140625,32.0
335.0,100.0,77.69000244140625,32.0
2
0
0
0
0
1
399.0,103.0,84.6500015258789,46.7400016784668
408.0,106.0,84.6500015258789,46.7400016784668
413.0,108.0,84.6500015258789,46.7400016784668
422.0,112.0,84.6500015258789,46.7400016784668
427.0,114.0,84.6500015258789,46.7400016784668
